Student_ID,Final_Grade,Predicted_Grade
S001,B,B
S002,D,C
S003,A,A
S004,F,F
S005,B,B
